n    Source IP       Destination IP  packets    Bytes     
----------------------------------------------------------------
1    152.81 .7  .186 224.0  .0  .251 47         3947      
2    51 .92 .37 .70  152.81 .3  .129 19         4935      
3    152.81 .4  .223 224.0  .0  .251 2          897       
4    152.81 .7  .15  152.81 .15 .255 23         7222      
5    152.81 .5  .249 152.81 .15 .255 20         4218      
6    169.254.215.57  169.254.255.255 12         1320      
7    140.82 .113.26  152.81 .3  .129 40         14643     
8    152.81 .4  .118 152.81 .15 .255 12         1320      
9    152.81 .7  .191 152.81 .15 .255 5          460       
10   152.81 .3  .124 152.81 .15 .255 23         3022      
11   152.81 .2  .117 224.0  .0  .251 2          256       
12   152.81 .9  .53  224.0  .0  .251 1          175       
13   143.204.194.72  152.81 .3  .129 39         29666     
14   152.81 .4  .86  224.0  .0  .251 1          795       
15   152.81 .9  .222 152.81 .15 .255 13         1118      
16   152.81 .4  .172 224.0  .0  .251 1          175       
17   38 .110.42 .253 152.81 .3  .129 1          60        
18   152.81 .6  .232 224.0  .0  .251 1          109       
19   172.217.22 .86  152.81 .3  .129 582        698387    
20   172.217.20 .33  152.81 .3  .129 56         58242     
21   140.82 .113.21  152.81 .3  .129 71         63305     
22   152.81 .4  .217 224.0  .0  .251 1          795       
23   152.81 .4  .159 224.0  .0  .251 50         4286      
24   52 .84 .174.59  152.81 .3  .129 42         42347     
25   152.81 .9  .222 224.0  .0  .251 5          435       
26   172.217.22 .78  152.81 .3  .129 744        625717    
27   152.81 .2  .220 224.0  .0  .251 1          175       
28   54 .201.114.15  152.81 .3  .129 19         7865      
29   152.81 .3  .124 224.0  .0  .251 92         61666     
30   152.81 .4  .223 152.81 .15 .255 5          460       
31   152.81 .3  .234 224.0  .0  .251 1          175       
32   140.82 .121.4   152.81 .3  .129 11533      16741197  
33   152.81 .6  .250 152.81 .15 .255 5          460       
34   152.81 .7  .198 224.0  .0  .251 9          2376      
35   152.81 .6  .37  239.255.255.250 1          649       
36   152.81 .6  .244 152.81 .15 .255 3          460       
37   152.81 .7  .30  152.81 .15 .255 3          462       
38   151.101.1  .229 152.81 .3  .129 50         29632     
39   64 .233.167.84  152.81 .3  .129 44         23641     
40   152.81 .2  .141 152.81 .15 .255 1          243       
41   152.81 .8  .3   224.0  .0  .251 23         3505      
42   152.81 .7  .110 152.81 .15 .255 3          455       
43   169.254.215.57  239.255.255.250 5          895       
44   152.81 .8  .95  224.0  .0  .251 63         22143     
45   152.81 .6  .245 239.255.255.250 24         5040      
46   152.81 .3  .131 239.255.255.250 24         5160      
47   152.81 .4  .159 239.255.255.250 45         9675      
48   208.103.161.2   152.81 .3  .129 96         8174      
49   152.81 .8  .236 152.81 .15 .255 5          460       
50   152.81 .8  .146 152.81 .15 .255 16         1312      
51   152.81 .0  .9   224.0  .0  .251 1          816       
52   152.81 .2  .117 239.255.255.250 2          426       
53   152.81 .8  .251 224.0  .0  .251 69         7891      
54   152.81 .3  .40  224.0  .0  .251 67         46830     
55   143.204.194.107 152.81 .3  .129 222        277717    
56   152.81 .6  .199 224.0  .0  .251 66         44540     
57   172.217.22 .163 152.81 .3  .129 715        917733    
58   152.81 .3  .252 224.0  .0  .251 9          738       
59   152.81 .5  .96  152.81 .15 .255 9          952       
60   152.81 .6  .163 152.81 .15 .255 5          460       
61   152.81 .9  .222 239.255.255.250 29         5923      
62   152.81 .4  .27  152.81 .15 .255 24         2208      
63   152.81 .5  .139 224.0  .0  .251 1          175       
64   152.81 .6  .96  152.81 .15 .255 22         5676      
65   152.81 .6  .171 239.255.255.250 20         4240      
66   152.81 .7  .30  224.0  .0  .251 19         3269      
67   152.81 .3  .3   239.255.255.250 2          426       
68   143.204.194.20  152.81 .3  .129 18         8782      
69   152.81 .8  .251 152.81 .15 .255 55         5690      
70   152.81 .5  .73  224.0  .0  .251 32         19684     
71   142.251.142.14  152.81 .3  .129 23         12368     
72   188.114.97 .2   152.81 .3  .129 12         7753      
73   152.81 .9  .179 152.81 .15 .255 5          460       
74   152.81 .5  .79  224.0  .0  .251 1          175       
75   152.81 .9  .21  224.0  .0  .251 77         37701     
76   152.81 .4  .63  152.81 .15 .255 23         6992      
77   152.81 .2  .78  224.0  .0  .251 1          175       
78   152.81 .6  .108 224.0  .0  .251 1          795       
79   18 .244.28 .13  152.81 .3  .129 480        666786    
80   152.81 .3  .253 152.81 .15 .255 30         9792      
81   152.81 .9  .73  224.0  .0  .251 7          1685      
82   91 .189.91 .98  152.81 .3  .129 5          411       
83   169.254.141.234 224.0  .0  .252 2          150       
84   152.81 .5  .41  152.81 .15 .255 1          243       
85   128.93 .162.83  152.81 .3  .129 1998       2938147   
86   192.168.1  .254 239.255.255.250 12         4284      
87   152.81 .9  .67  152.81 .15 .255 22         2567      
88   152.81 .4  .147 224.0  .0  .251 1          175       
89   52 .222.149.25  152.81 .3  .129 20441      29527176  
90   152.81 .2  .2   224.0  .0  .251 40         11754     
91   152.81 .6  .232 239.255.255.250 56         8820      
92   157.159.52 .20  152.81 .3  .129 212        240920    
93   142.251.153.119 152.81 .3  .129 275        119428    
94   152.81 .3  .248 224.0  .0  .251 1          825       
95   152.81 .6  .71  224.0  .0  .251 13         3506      
96   104.17 .183.120 152.81 .3  .129 6          474       
97   152.81 .4  .166 152.81 .15 .255 10         920       
98   152.81 .8  .218 152.81 .15 .255 6          730       
99   152.81 .3  .248 239.255.255.250 24         5160      
100  152.81 .7  .147 152.81 .15 .255 5          460       
101  13 .227.231.22  152.81 .3  .129 36         23423     
102  137.194.22 .233 152.81 .3  .129 264        55818     
103  152.81 .3  .234 152.81 .15 .255 22         6072      
104  152.81 .6  .66  239.255.255.250 20         4300      
105  142.251.209.142 152.81 .3  .129 46         33923     
106  152.81 .2  .183 224.0  .0  .251 14         1683      
107  185.199.111.133 152.81 .3  .129 49         23764     
108  152.81 .8  .236 239.255.255.250 20         4300      
109  152.81 .8  .3   152.81 .15 .255 3          409       
110  152.81 .4  .189 224.0  .0  .251 174        82998     
111  151.101.62 .167 152.81 .3  .129 67         69727     
112  152.81 .5  .81  224.0  .0  .251 3          249       
113  152.81 .6  .117 224.0  .0  .251 60         21035     
114  152.81 .6  .68  152.81 .15 .255 20         1670      
115  18 .97 .36 .66  152.81 .3  .129 32         3908      
116  20 .86 .88 .94  152.81 .3  .129 28         18183     
117  152.81 .9  .75  224.0  .0  .251 41         12458     
118  152.81 .9  .227 224.0  .0  .251 1          175       
119  152.81 .10 .221 224.0  .0  .251 11         2279      
120  152.81 .6  .225 224.0  .0  .251 304        43447     
121  152.81 .6  .194 224.0  .0  .251 50         10659     
122  104.21 .70 .198 152.81 .3  .129 36         18447     
123  152.81 .3  .146 152.81 .15 .255 4          698       
124  172.217.20 .46  152.81 .3  .129 12         9716      
125  152.81 .6  .77  224.0  .0  .251 1          816       
126  152.81 .6  .37  224.0  .0  .251 12         2632      
127  152.81 .6  .131 152.81 .15 .255 25         2150      
128  152.81 .8  .123 152.81 .15 .255 19         1558      
129  152.81 .15 .61  224.0  .0  .251 1          99        
130  34 .120.208.123 152.81 .3  .129 5          408       
131  18 .245.175.120 152.81 .3  .129 1          74        
132  13 .89 .178.27  152.81 .3  .129 30         8956      
133  152.81 .7  .139 224.0  .0  .251 3          249       
134  18 .158.58 .248 152.81 .3  .129 499        666518    
135  152.81 .2  .160 152.81 .15 .255 30         2760      
136  152.81 .4  .27  239.255.255.250 24         5160      
137  142.251.39 .106 152.81 .3  .129 43         23566     
138  91 .189.91 .96  152.81 .3  .129 5          411       
139  152.81 .4  .190 224.0  .0  .251 1          175       
140  152.81 .5  .2   224.0  .0  .251 4          2430      
141  18 .245.175.21  152.81 .3  .129 605        825229    
142  172.67 .68 .177 152.81 .3  .129 80         46246     
143  10 .79 .0  .208 224.0  .0  .251 1          175       
144  152.81 .9  .248 224.0  .0  .251 1          175       
145  152.81 .24 .142 152.81 .3  .129 384        70683     
146  152.81 .6  .131 224.0  .0  .251 6          522       
147  140.82 .121.3   152.81 .3  .129 841        963096    
148  151.101.62 .133 152.81 .3  .129 44         17884     
149  152.81 .8  .207 224.0  .0  .251 1          906       
150  152.81 .8  .123 255.255.255.255 19         1558      
151  172.217.22 .193 152.81 .3  .129 100        88069     
152  146.75 .119.42  152.81 .3  .129 7544       9768944   
153  152.81 .8  .2   152.81 .15 .255 8          1034      
154  151.101.62 .214 152.81 .3  .129 2804       3612355   
155  152.81 .2  .134 224.0  .0  .251 72         21241     
156  152.81 .6  .232 152.81 .15 .255 23         7406      
157  152.81 .8  .146 255.255.255.255 16         1312      
158  152.81 .9  .161 224.0  .0  .251 24         3682      
159  152.81 .6  .165 239.255.255.250 24         5160      
160  146.75 .118.133 152.81 .3  .129 91         104102    
161  152.81 .3  .146 224.0  .0  .251 41         14673     
162  185.199.109.154 152.81 .3  .129 1923       2689728   
163  152.81 .6  .66  152.81 .15 .255 5          460       
164  52 .84 .174.105 152.81 .3  .129 28         16716     
165  108.177.15 .95  152.81 .3  .129 25         15008     
166  128.93 .162.222 152.81 .3  .129 22         9781      
167  152.81 .7  .50  152.81 .15 .255 2          184       
168  152.81 .4  .133 224.0  .0  .251 1          175       
169  152.81 .3  .150 224.0  .0  .251 13         2643      
170  142.251.209.138 152.81 .3  .129 9          5205      
171  152.81 .6  .195 239.255.255.250 22         4620      
172  152.81 .9  .111 224.0  .0  .251 73         14385     
173  152.81 .4  .117 224.0  .0  .251 16         4501      
174  152.81 .7  .108 152.81 .15 .255 2          519       
175  152.81 .4  .253 224.0  .0  .251 1          175       
176  152.81 .6  .117 152.81 .15 .255 1          261       
177  152.81 .2  .224 152.81 .15 .255 8          860       
178  151.101.63 .42  152.81 .3  .129 611        818003    
179  74 .125.250.129 152.81 .3  .129 1          74        
180  152.81 .4  .21  224.0  .0  .251 24         10501     
181  152.81 .7  .186 239.255.255.250 60         12900     
182  152.81 .6  .144 152.81 .15 .255 5          460       
183  152.81 .3  .202 224.0  .0  .251 1          175       
184  152.81 .7  .178 255.255.255.255 327        19620     
185  142.251.209.131 152.81 .3  .129 24         15016     
186  13 .227.173.34  152.81 .3  .129 192        47710     
187  142.251.157.119 152.81 .3  .129 44         43065     
188  152.81 .8  .251 239.255.255.250 89         15943     
189  152.81 .6  .127 152.81 .15 .255 5          460       
190  169.254.215.57  224.0  .0  .252 2          130       
191  172.217.22 .110 152.81 .3  .129 10         5581      
192  152.81 .6  .245 224.0  .0  .251 2          350       
193  20 .189.172.32  152.81 .3  .129 10         5672      
194  152.81 .5  .126 152.81 .15 .255 5          460       
195  146.75 .117.91  152.81 .3  .129 253        50456     
196  146.75 .118.214 152.81 .3  .129 605        804201    
197  152.81 .6  .244 224.0  .0  .251 18         3031      
198  172.64 .154.50  152.81 .3  .129 39         26341     
199  152.81 .8  .95  152.81 .15 .255 1          262       
200  152.81 .2  .224 224.0  .0  .251 16         8745      
201  152.81 .4  .54  224.0  .0  .251 10         3534      
202  152.81 .8  .221 152.81 .15 .255 11         1441      
203  152.81 .9  .179 239.255.255.250 20         4300      
204  152.81 .3  .131 224.0  .0  .251 1          927       
205  152.81 .9  .67  224.0  .0  .251 25         5147      
206  152.81 .5  .106 224.0  .0  .251 1          83        
207  5  .18 .18 .15  5  .18 .18 .15  41672      0         
208  152.81 .3  .230 152.81 .15 .255 5          792       
209  143.204.185.221 152.81 .3  .129 19         11476     
210  152.81 .5  .170 224.0  .0  .251 2          1890      
211  104.26 .5  .231 152.81 .3  .129 262        317682    
212  34 .107.243.93  152.81 .3  .129 3          342       
213  152.81 .9  .227 239.255.255.250 20         4200      
214  193.51 .224.201 152.81 .3  .129 11900      15263908  
215  152.81 .6  .171 224.0  .0  .251 757        146682    
216  152.81 .4  .21  152.81 .15 .255 5          584       
217  152.81 .8  .218 224.0  .0  .251 18         10977     
218  100.23 .10 .238 152.81 .3  .129 16         6172      
219  152.81 .5  .249 224.0  .0  .251 94         42952     
220  152.81 .9  .249 224.0  .0  .251 32         12662     
221  152.81 .7  .244 224.0  .0  .251 12         984       
222  152.81 .6  .68  255.255.255.255 17         1394      
223  35 .190.49 .118 152.81 .3  .129 44         22832     
224  152.81 .3  .230 224.0  .0  .251 36         14405     
225  142.251.152.119 152.81 .3  .129 1333       1512657   
226  172.67 .142.245 152.81 .3  .129 21         18892     
227  140.82 .112.22  152.81 .3  .129 14         7654      
228  193.51 .224.200 152.81 .3  .129 1526       1957946   
229  152.81 .2  .117 152.81 .15 .255 22         5060      
230  152.81 .4  .116 224.0  .0  .251 17         4588      
231  152.81 .8  .45  224.0  .0  .251 1          175       
232  104.18 .41 .41  152.81 .3  .129 1531       1672822   
233  152.81 .4  .118 224.0  .0  .252 4          260       
234  152.81 .7  .50  224.0  .0  .251 1          816       
235  152.81 .7  .139 224.0  .0  .252 8          568       
236  152.81 .4  .118 239.255.255.250 7          1253      
237  152.81 .6  .195 224.0  .0  .251 1          175       
238  152.81 .6  .186 152.81 .15 .255 5          460       
239  152.81 .2  .120 239.255.255.250 24         5016      
240  152.81 .3  .112 224.0  .0  .251 1          175       
241  152.81 .8  .221 224.0  .0  .251 24         3778      
242  140.82 .114.25  152.81 .3  .129 40         14718     
243  152.81 .7  .244 239.255.255.250 28         6020      
244  3  .66 .205.141 152.81 .3  .129 33         16121     
245  13 .107.246.60  152.81 .3  .129 183        230452    
246  172.67 .70 .38  152.81 .3  .129 44         22989     
247  142.251.39 .110 152.81 .3  .129 65         69033     
248  157.159.15 .35  152.81 .3  .129 679        72433     
249  3  .124.62 .154 152.81 .3  .129 117        16496     
250  152.81 .7  .111 152.81 .15 .255 4          547       
251  152.81 .8  .2   224.0  .0  .251 23         3505      
252  52 .57 .212.240 152.81 .3  .129 39         33969     
253  152.81 .15 .61  152.81 .15 .255 18         2318      
254  152.81 .9  .77  224.0  .0  .251 76         16678     
255  172.217.20 .42  152.81 .3  .129 19         6846      
256  152.81 .9  .136 224.0  .0  .251 1          954       
257  192.99 .44 .193 152.81 .3  .129 16         4138      
258  152.81 .6  .205 224.0  .0  .251 16         3632      
259  152.81 .6  .116 224.0  .0  .251 134        96570     
260  142.251.39 .206 152.81 .3  .129 20         10789     
261  151.101.130.214 152.81 .3  .129 4257       5663707   
262  152.81 .2  .220 152.81 .15 .255 8          736       
263  152.81 .3  .3   152.81 .15 .255 23         5842      
264  34 .36 .73 .246 152.81 .3  .129 30         9094      
265  152.81 .3  .80  239.255.255.250 3          537       
266  34 .120.250.63  152.81 .3  .129 44         18180     
267  152.81 .3  .202 152.81 .15 .255 5          460       
268  152.81 .4  .83  224.0  .0  .251 41         11712     
269  152.81 .3  .253 224.0  .0  .251 12         2824 